Epoch	Training Loss	Training Accuracy	Validation Loss	Validation Accuracy
1	1.6430	0.4374	1.3003	0.5678
2	1.1605	0.6124	1.0603	0.6490
3	0.9644	0.6811	0.8615	0.7218
4	0.8289	0.7281	0.7712	0.7449
5	0.7340	0.7578	0.7864	0.7469
6	0.6448	0.7889	0.6892	0.7768
7	0.5745	0.8093	0.6323	0.7991
8	0.5170	0.8286	0.5599	0.8154
9	0.4462	0.8541	0.5792	0.8092
10	0.3943	0.8720	0.5386	0.8270
11	0.3363	0.8908	0.5117	0.8346
12	0.2892	0.9051	0.5117	0.8357
13	0.2380	0.9244	0.5141	0.8370
14	0.2013	0.9354	0.5490	0.8215
15	0.1643	0.9481	0.4983	0.8522
16	0.1393	0.9558	0.5085	0.8451
17	0.1206	0.9626	0.5627	0.8376
18	0.1030	0.9680	0.5826	0.8411
19	0.0925	0.9713	0.5549	0.8436

Validation Metrics:
Accuracy: 84.36%
Precision: 0.8485
Recall: 0.8436
F1 Score: 0.8438

Classification Report:
              precision    recall  f1-score   support

           0       0.75      0.94      0.83       587
           1       1.00      0.95      0.97       575
           2       0.97      0.90      0.93       563
           3       0.82      0.76      0.79       649
           4       0.82      0.88      0.85       541
           5       0.86      0.90      0.88       551
           6       0.89      0.77      0.83       546
           7       0.86      0.79      0.82       298
           8       0.76      0.73      0.75       638
           9       0.76      0.78      0.77       513

    accuracy                           0.84      5461
   macro avg       0.85      0.84      0.84      5461
weighted avg       0.85      0.84      0.84      5461


Confusion Matrix:
[[554   0   0   1   4  14   2   2   8   2]
 [  2 547   4   5   2   3   3   2   4   3]
 [  7   2 507  15  12   1   4  10   2   3]
 [ 39   0   3 496  57  13  21  10  10   0]
 [ 11   0   2  16 477  22   1   2   8   2]
 [ 26   0   0   5  10 498   1   0   5   6]
 [ 24   0   6  44  10  10 423   9  15   5]
 [ 28   0   0  14   2   3   9 235   4   3]
 [ 40   0   0   6   5  11   7   0 468 101]
 [ 10   0   0   1   2   4   2   4  88 402]]
