Epoch	Training Loss	Training Accuracy	Validation Loss	Validation Accuracy
1	1.8052	0.3738	1.4049	0.5237
2	1.3585	0.5367	1.1468	0.6180
3	1.1662	0.6078	1.0497	0.6565
4	1.0407	0.6514	0.8927	0.7121
5	0.9337	0.6925	0.8590	0.7167
6	0.8541	0.7196	0.8060	0.7414
7	0.7783	0.7451	0.7160	0.7711
8	0.7176	0.7653	0.7486	0.7587
9	0.6656	0.7821	0.6569	0.7841
10	0.6154	0.7994	0.6183	0.7980
11	0.5719	0.8120	0.6132	0.7927
12	0.5277	0.8283	0.5930	0.8030
13	0.4861	0.8416	0.6390	0.7890
14	0.4430	0.8562	0.6149	0.8026
15	0.4063	0.8662	0.5400	0.8226
16	0.3651	0.8808	0.5399	0.8215
17	0.3359	0.8913	0.5189	0.8319
18	0.2946	0.9052	0.5574	0.8063
19	0.2603	0.9186	0.5342	0.8266
20	0.2312	0.9254	0.5295	0.8330
21	0.2006	0.9387	0.5357	0.8284
22	0.1804	0.9436	0.5313	0.8288

Validation Metrics:
Accuracy: 82.88%
Precision: 0.8352
Recall: 0.8288
F1 Score: 0.8299

Classification Report:
              precision    recall  f1-score   support

           0       0.88      0.79      0.83       572
           1       0.96      0.96      0.96       585
           2       0.94      0.93      0.93       562
           3       0.68      0.83      0.75       660
           4       0.80      0.85      0.83       534
           5       0.93      0.75      0.83       511
           6       0.82      0.80      0.81       577
           7       0.79      0.81      0.80       318
           8       0.80      0.78      0.79       645
           9       0.75      0.77      0.76       497

    accuracy                           0.83      5461
   macro avg       0.84      0.83      0.83      5461
weighted avg       0.84      0.83      0.83      5461


Confusion Matrix:
[[453   4   3  29   8   4  25  19  14  13]
 [  1 560   8   9   1   1   3   2   0   0]
 [  0   5 524  10  10   1   5   5   0   2]
 [  6   3   4 546  48   8  27  12   5   1]
 [  1   1   4  51 455   5   5   4   5   3]
 [ 27   2   3  40  30 383  11   1   2  12]
 [  4   4   5  65   7   3 464  16   2   7]
 [  8   2   5  21   3   2  15 257   4   1]
 [ 10   1   3  19   2   1  11   8 502  88]
 [  4   0   1   8   3   4   3   2  90 382]]
