Epoch	Training Loss	Training Accuracy	Validation Loss	Validation Accuracy
1	1.6804	0.4212	1.2376	0.5819
2	1.1943	0.6023	1.0671	0.6468
3	0.9821	0.6754	0.8827	0.7136
4	0.8474	0.7234	0.8087	0.7312
5	0.7470	0.7581	0.7350	0.7630
6	0.6670	0.7826	0.6519	0.7885
7	0.5924	0.8069	0.6443	0.7911
8	0.5268	0.8259	0.5651	0.8156
9	0.4583	0.8515	0.5477	0.8193
10	0.4120	0.8661	0.5124	0.8279
11	0.3564	0.8840	0.4849	0.8420
12	0.3001	0.9013	0.5228	0.8306
13	0.2572	0.9172	0.4980	0.8451
14	0.2212	0.9294	0.4800	0.8497
15	0.1814	0.9431	0.6590	0.8061
16	0.1576	0.9495	0.5631	0.8323
17	0.1277	0.9605	0.4813	0.8502

Validation Metrics:
Accuracy: 85.02%
Precision: 0.8526
Recall: 0.8502
F1 Score: 0.8502

Classification Report:
              precision    recall  f1-score   support

           0       0.85      0.89      0.87       587
           1       0.96      0.96      0.96       575
           2       0.97      0.89      0.93       563
           3       0.84      0.78      0.81       649
           4       0.85      0.87      0.86       541
           5       0.85      0.92      0.89       551
           6       0.84      0.81      0.83       546
           7       0.71      0.88      0.79       298
           8       0.80      0.76      0.78       638
           9       0.79      0.76      0.78       513

    accuracy                           0.85      5461
   macro avg       0.85      0.85      0.85      5461
weighted avg       0.85      0.85      0.85      5461


Confusion Matrix:
[[523   0   0   7   5  25   9   7   9   2]
 [  1 554   2   3   1   5   6   2   1   0]
 [  3  12 501   9  10   3   6  17   0   2]
 [ 19   4   4 505  39  17  26  27   5   3]
 [ 11   1   0  26 468  21   8   1   4   1]
 [ 15   0   0   9   8 508   2   3   2   4]
 [  5   5   6  26   7   5 443  33  11   5]
 [ 11   0   1   9   0   1  10 263   2   1]
 [ 22   2   0   8   9   5  10   8 487  87]
 [  8   1   0   1   2   6   5  11  88 391]]
