Epoch	Training Loss	Training Accuracy	Validation Loss	Validation Accuracy
1	1.6693	0.4246	1.2870	0.5680
2	1.1907	0.6050	1.0271	0.6614
3	0.9800	0.6736	0.8902	0.7026
4	0.8502	0.7205	0.8335	0.7303
5	0.7405	0.7563	0.7516	0.7526
6	0.6611	0.7854	0.6538	0.7865
7	0.5860	0.8078	0.6026	0.8008
8	0.5237	0.8291	0.5543	0.8226
9	0.4658	0.8474	0.5850	0.8134
10	0.4104	0.8649	0.5349	0.8301
11	0.3528	0.8849	0.5109	0.8372
12	0.3036	0.9009	0.4902	0.8502
13	0.2532	0.9180	0.4942	0.8390
14	0.2093	0.9343	0.6045	0.8200
15	0.1744	0.9452	0.5023	0.8465

Validation Metrics:
Accuracy: 84.65%
Precision: 0.8511
Recall: 0.8465
F1 Score: 0.8462

Classification Report:
              precision    recall  f1-score   support

           0       0.91      0.84      0.87       587
           1       0.98      0.96      0.97       575
           2       0.94      0.94      0.94       563
           3       0.86      0.68      0.76       649
           4       0.74      0.90      0.81       541
           5       0.81      0.90      0.85       551
           6       0.85      0.83      0.84       546
           7       0.88      0.85      0.86       298
           8       0.76      0.81      0.79       638
           9       0.79      0.77      0.78       513

    accuracy                           0.85      5461
   macro avg       0.85      0.85      0.85      5461
weighted avg       0.85      0.85      0.85      5461


Confusion Matrix:
[[496   0   0   7  13  37  12   5  14   3]
 [  0 554   6   4   2   2   6   1   0   0]
 [  2   2 530   6   9   3   7   2   2   0]
 [ 10   2  10 439 105  26  27  11  13   6]
 [  3   1   2  15 487  15   4   1  10   3]
 [ 14   1   0   3  25 497   2   1   5   3]
 [  4   2   9  21   5  10 454  13  16  12]
 [  4   1   3  11   1   4  11 252   6   5]
 [ 11   0   0   2   7  14   9   1 519  75]
 [  3   0   1   2   4   7   1   1  99 395]]
